0.4280 3.3168130367417E-14 1.1853003083216E-14 1.7826768732007E-13 6.3705955808664E-14
0.4299 3.5068539909265E-14 4.037414861407E-15 1.8029037280866E-13 2.0756696241978E-14
0.4672 4.3710946871218E-14 3.6233342879876E-15 1.932844334067E-13 1.6021938782523E-14
0.5036 4.4237194801721E-14 8.5941239305045E-16 1.7118261552442E-13 3.3256281714037E-15
0.5340 6.9617977340188E-14 1.2567623239308E-14 2.5489142127071E-13 4.601368025688E-14
0.5394 5.5660070362892E-14 3.8448614487779E-15 1.9466670378157E-13 1.3447099506892E-14
0.5822 5.1346309433864E-14 2.6327288651298E-16 1.4907227468725E-13 7.6435265725417E-16
0.6141 6.261538129907E-14 4.7493434552326E-15 1.8349938390165E-13 1.391833092591E-14
0.7458 6.6234763549391E-14 3.4162504137846E-15 1.5033181137688E-13 7.753800048494E-15
0.7620 5.6269009649881E-14 6.8544635277693E-16 1.2267211392859E-13 1.4943421539314E-15
1.2350 4.9637004315422E-14 1.1886516324548E-15 7.2015295010953E-14 1.7245419855018E-15
1.6620 3.7207450261079E-14 1.5078504376228E-15 4.7051471433365E-14 1.9067842943759E-15
2.1590 2.3107239962323E-14 5.1078130826382E-16 2.6919458306733E-14 5.9504969672216E-16
3.3526 7.1577745571042E-15 1.7083051873537E-16 7.8108546535684E-15 1.8641720853185E-16
3.5075 6.5680519429543E-15 4.7274962970101E-17 7.1340545497547E-15 5.1348888162817E-17
4.4366 3.2921828686177E-15 4.0209867097621E-17 3.5089087286474E-15 4.2856900502564E-17
4.6028 2.7960224603777E-15 4.3274443275584E-17 2.9737450137594E-15 4.6025080891731E-17
7.5891 8.1905330178144E-16 5.413507682572E-18 8.5457644060167E-16 5.6482967793183E-18
8.2281 1.0720410552671E-15 6.0222050192616E-17 1.1616940108553E-15 6.5258317007983E-17
10.1640 7.2549455929293E-16 0 7.7284024528765E-16 0
11.5608 3.5377006881446E-16 5.2133483955178E-18 3.6979678564494E-16 5.4495268228042E-18
17.6079 2.8960179272775E-16 2.1659700023711E-17 2.9924342264861E-16 2.2380810241499E-17
21.7352 2.1702993668977E-16 3.2554490503466E-17 2.2181223314462E-16 3.3271834971692E-17
22.0883 2.7360643949894E-16 6.3000210893744E-18 2.8018272201083E-16 6.4514455901664E-18
23.2090 1.9974780296234E-16 1.7809779032585E-18 2.0394881145677E-16 1.818434652164E-18
52.1374 1.3013786209225E-16 1.1712407588302E-17 1.3059754838735E-16 1.1753779354861E-17
68.4401 6.032916475775E-17 8.8324047703898E-19 6.0474386461503E-17 8.8536657454779E-19
95.4837 4.5377588615412E-17 4.9915347476954E-18 4.5434307725803E-17 4.9977738498384E-18